X_train.shape = (645, 45)
X_test.shape = (323, 45)
y_train.shape = (645, 5)
y_test.shape = (323, 5)
train_index = [  1   4   5   7   9  10  11  14  15  18  20  21  22  24  25  26  27  28
  29  30  31  32  33  36  37  38  39  40  42  43  44  45  48  51  52  53
  54  55  58  62  63  64  67  68  70  71  72  75  76  77  79  80  82  83
  86  87  88  89  91  92  93  95  96  97  98  99 100 102 103 105 109 112
 113 114 115 116 118 122 123 124 126 127 128 129 130 131 132 136 137 138
 139 140 141 143 144 145 146 147 149 150 151 152 153 155 157 158 162 163
 164 165 166 167 168 169 170 171 172 173 174 176 178 179 182 183 184 188
 190 192 193 196 197 198 199 203 204 206 208 209 210 211 212 213 214 215
 217 219 220 221 222 225 226 227 229 230 231 232 234 235 236 237 239 240
 243 246 247 249 251 252 253 254 256 259 260 261 263 264 266 269 270 271
 272 273 275 276 278 279 280 281 282 283 284 285 287 288 289 290 292 293
 295 296 297 299 300 302 303 305 308 310 312 313 315 316 317 319 321 322
 323 324 325 326 327 328 330 332 333 334 335 336 337 338 340 341 342 343
 344 346 348 349 350 351 352 353 356 357 358 359 360 361 362 363 365 367
 369 371 373 376 377 378 379 380 381 383 384 387 390 391 392 393 394 395
 396 397 398 399 400 401 402 403 405 406 407 409 410 411 413 415 416 417
 418 420 421 423 424 425 427 431 438 440 441 442 443 444 445 446 447 448
 449 450 451 452 453 454 456 458 459 460 461 462 465 466 468 469 470 471
 473 474 475 476 477 478 481 483 484 485 486 487 488 489 490 492 494 495
 497 498 499 500 501 503 505 506 508 509 511 512 513 514 515 518 519 520
 522 523 524 526 528 530 532 533 534 535 536 539 540 542 543 544 545 547
 548 549 554 556 557 558 559 561 562 564 565 566 568 569 572 574 575 580
 581 582 583 585 586 588 589 590 591 594 595 596 598 601 602 603 605 606
 607 608 609 610 611 613 614 615 616 617 618 620 621 624 626 627 628 629
 630 632 633 634 638 639 642 645 646 648 651 653 655 656 657 658 660 662
 664 665 666 667 668 670 672 674 675 676 677 679 680 684 686 687 688 689
 691 693 694 695 696 698 699 700 701 702 706 707 708 711 712 713 714 715
 717 718 721 722 727 728 729 731 732 733 735 736 738 739 740 741 745 748
 749 750 751 752 753 754 755 760 761 762 763 764 765 766 767 768 769 771
 774 775 776 777 778 780 781 782 783 786 787 788 790 792 793 800 801 802
 803 805 807 810 811 812 813 815 817 819 820 821 822 823 824 825 826 828
 829 830 831 832 833 836 838 839 841 842 843 845 847 848 849 852 853 854
 856 860 861 863 864 866 867 870 872 873 875 876 879 881 883 885 887 890
 892 893 894 895 896 901 902 903 904 905 906 907 908 910 912 913 914 915
 916 917 919 921 925 926 927 928 929 930 931 932 935 936 939 941 942 943
 946 947 948 949 951 953 954 956 958 959 961 962 965 966 967]
test_index = [  0   2   3   6   8  12  13  16  17  19  23  34  35  41  46  47  49  50
  56  57  59  60  61  65  66  69  73  74  78  81  84  85  90  94 101 104
 106 107 108 110 111 117 119 120 121 125 133 134 135 142 148 154 156 159
 160 161 175 177 180 181 185 186 187 189 191 194 195 200 201 202 205 207
 216 218 223 224 228 233 238 241 242 244 245 248 250 255 257 258 262 265
 267 268 274 277 286 291 294 298 301 304 306 307 309 311 314 318 320 329
 331 339 345 347 354 355 364 366 368 370 372 374 375 382 385 386 388 389
 404 408 412 414 419 422 426 428 429 430 432 433 434 435 436 437 439 455
 457 463 464 467 472 479 480 482 491 493 496 502 504 507 510 516 517 521
 525 527 529 531 537 538 541 546 550 551 552 553 555 560 563 567 570 571
 573 576 577 578 579 584 587 592 593 597 599 600 604 612 619 622 623 625
 631 635 636 637 640 641 643 644 647 649 650 652 654 659 661 663 669 671
 673 678 681 682 683 685 690 692 697 703 704 705 709 710 716 719 720 723
 724 725 726 730 734 737 742 743 744 746 747 756 757 758 759 770 772 773
 779 784 785 789 791 794 795 796 797 798 799 804 806 808 809 814 816 818
 827 834 835 837 840 844 846 850 851 855 857 858 859 862 865 868 869 871
 874 877 878 880 882 884 886 888 889 891 897 898 899 900 909 911 918 920
 922 923 924 933 934 937 938 940 944 945 950 952 955 957 960 963 964]
