X_train.shape = (646, 45)
X_test.shape = (322, 45)
y_train.shape = (646, 5)
y_test.shape = (322, 5)
train_index = [  0   1   2   3   4   5   6   8   9  11  12  13  14  16  17  18  19  23
  27  29  30  31  33  34  35  36  38  39  40  41  42  45  46  47  49  50
  52  54  56  57  58  59  60  61  62  65  66  67  68  69  70  73  74  76
  78  80  81  82  83  84  85  88  89  90  91  92  93  94  95  97  98  99
 101 102 103 104 105 106 107 108 110 111 112 114 115 116 117 118 119 120
 121 122 124 125 127 128 132 133 134 135 139 142 146 147 148 150 153 154
 156 157 158 159 160 161 162 164 165 168 171 172 173 175 177 179 180 181
 184 185 186 187 189 191 192 194 195 197 200 201 202 203 204 205 207 213
 214 216 217 218 220 221 223 224 225 226 227 228 232 233 236 237 238 239
 241 242 244 245 246 247 248 249 250 255 257 258 259 260 261 262 265 267
 268 272 273 274 277 280 283 284 285 286 289 291 292 293 294 295 298 299
 301 304 305 306 307 308 309 310 311 312 314 315 318 320 323 328 329 331
 333 334 335 337 339 340 341 343 344 345 346 347 349 350 351 352 353 354
 355 358 359 360 361 362 363 364 365 366 368 370 371 372 373 374 375 376
 377 378 379 382 383 385 386 388 389 392 394 395 396 397 399 400 402 403
 404 406 408 410 411 412 414 415 417 419 421 422 423 425 426 427 428 429
 430 432 433 434 435 436 437 438 439 441 442 443 445 446 447 448 449 452
 453 455 457 459 460 463 464 467 472 473 474 479 480 481 482 483 484 486
 487 488 491 493 494 495 496 498 501 502 504 506 507 509 510 511 512 516
 517 518 519 521 522 523 524 525 527 528 529 530 531 535 537 538 539 540
 541 543 544 546 549 550 551 552 553 554 555 556 558 559 560 563 565 567
 570 571 573 574 576 577 578 579 581 582 584 585 587 589 590 592 593 594
 597 598 599 600 601 602 603 604 605 607 608 610 612 613 614 618 619 622
 623 625 629 631 632 634 635 636 637 638 639 640 641 643 644 647 649 650
 651 652 654 658 659 661 663 664 667 669 671 672 673 674 675 676 677 678
 679 680 681 682 683 684 685 686 690 691 692 697 698 699 700 701 702 703
 704 705 708 709 710 711 716 718 719 720 721 723 724 725 726 727 730 731
 733 734 736 737 739 740 741 742 743 744 745 746 747 748 755 756 757 758
 759 761 762 763 764 765 766 768 769 770 772 773 776 779 781 783 784 785
 786 787 789 790 791 794 795 796 797 798 799 801 802 803 804 805 806 807
 808 809 810 811 812 814 816 818 819 821 822 823 825 827 831 832 833 834
 835 836 837 838 839 840 841 843 844 846 848 849 850 851 854 855 857 858
 859 860 862 863 865 866 868 869 871 872 874 877 878 879 880 882 884 885
 886 888 889 891 893 894 897 898 899 900 902 906 909 911 912 915 917 918
 920 921 922 923 924 926 927 928 929 930 933 934 936 937 938 940 943 944
 945 947 948 949 950 951 952 953 955 957 958 959 960 963 964 967]
test_index = [  7  10  15  20  21  22  24  25  26  28  32  37  43  44  48  51  53  55
  63  64  71  72  75  77  79  86  87  96 100 109 113 123 126 129 130 131
 136 137 138 140 141 143 144 145 149 151 152 155 163 166 167 169 170 174
 176 178 182 183 188 190 193 196 198 199 206 208 209 210 211 212 215 219
 222 229 230 231 234 235 240 243 251 252 253 254 256 263 264 266 269 270
 271 275 276 278 279 281 282 287 288 290 296 297 300 302 303 313 316 317
 319 321 322 324 325 326 327 330 332 336 338 342 348 356 357 367 369 380
 381 384 387 390 391 393 398 401 405 407 409 413 416 418 420 424 431 440
 444 450 451 454 456 458 461 462 465 466 468 469 470 471 475 476 477 478
 485 489 490 492 497 499 500 503 505 508 513 514 515 520 526 532 533 534
 536 542 545 547 548 557 561 562 564 566 568 569 572 575 580 583 586 588
 591 595 596 606 609 611 615 616 617 620 621 624 626 627 628 630 633 642
 645 646 648 653 655 656 657 660 662 665 666 668 670 687 688 689 693 694
 695 696 706 707 712 713 714 715 717 722 728 729 732 735 738 749 750 751
 752 753 754 760 767 771 774 775 777 778 780 782 788 792 793 800 813 815
 817 820 824 826 828 829 830 842 845 847 852 853 856 861 864 867 870 873
 875 876 881 883 887 890 892 895 896 901 903 904 905 907 908 910 913 914
 916 919 925 931 932 935 939 941 942 946 954 956 961 962 965 966]
