X_train.shape = (645, 45)
X_test.shape = (323, 45)
y_train.shape = (645, 5)
y_test.shape = (323, 5)
train_index = [  0   2   3   6   7   8  10  12  13  15  16  17  19  20  21  22  23  24
  25  26  28  32  34  35  37  41  43  44  46  47  48  49  50  51  53  55
  56  57  59  60  61  63  64  65  66  69  71  72  73  74  75  77  78  79
  81  84  85  86  87  90  94  96 100 101 104 106 107 108 109 110 111 113
 117 119 120 121 123 125 126 129 130 131 133 134 135 136 137 138 140 141
 142 143 144 145 148 149 151 152 154 155 156 159 160 161 163 166 167 169
 170 174 175 176 177 178 180 181 182 183 185 186 187 188 189 190 191 193
 194 195 196 198 199 200 201 202 205 206 207 208 209 210 211 212 215 216
 218 219 222 223 224 228 229 230 231 233 234 235 238 240 241 242 243 244
 245 248 250 251 252 253 254 255 256 257 258 262 263 264 265 266 267 268
 269 270 271 274 275 276 277 278 279 281 282 286 287 288 290 291 294 296
 297 298 300 301 302 303 304 306 307 309 311 313 314 316 317 318 319 320
 321 322 324 325 326 327 329 330 331 332 336 338 339 342 345 347 348 354
 355 356 357 364 366 367 368 369 370 372 374 375 380 381 382 384 385 386
 387 388 389 390 391 393 398 401 404 405 407 408 409 412 413 414 416 418
 419 420 422 424 426 428 429 430 431 432 433 434 435 436 437 439 440 444
 450 451 454 455 456 457 458 461 462 463 464 465 466 467 468 469 470 471
 472 475 476 477 478 479 480 482 485 489 490 491 492 493 496 497 499 500
 502 503 504 505 507 508 510 513 514 515 516 517 520 521 525 526 527 529
 531 532 533 534 536 537 538 541 542 545 546 547 548 550 551 552 553 555
 557 560 561 562 563 564 566 567 568 569 570 571 572 573 575 576 577 578
 579 580 583 584 586 587 588 591 592 593 595 596 597 599 600 604 606 609
 611 612 615 616 617 619 620 621 622 623 624 625 626 627 628 630 631 633
 635 636 637 640 641 642 643 644 645 646 647 648 649 650 652 653 654 655
 656 657 659 660 661 662 663 665 666 668 669 670 671 673 678 681 682 683
 685 687 688 689 690 692 693 694 695 696 697 703 704 705 706 707 709 710
 712 713 714 715 716 717 719 720 722 723 724 725 726 728 729 730 732 734
 735 737 738 742 743 744 746 747 749 750 751 752 753 754 756 757 758 759
 760 767 770 771 772 773 774 775 777 778 779 780 782 784 785 788 789 791
 792 793 794 795 796 797 798 799 800 804 806 808 809 813 814 815 816 817
 818 820 824 826 827 828 829 830 834 835 837 840 842 844 845 846 847 850
 851 852 853 855 856 857 858 859 861 862 864 865 867 868 869 870 871 873
 874 875 876 877 878 880 881 882 883 884 886 887 888 889 890 891 892 895
 896 897 898 899 900 901 903 904 905 907 908 909 910 911 913 914 916 918
 919 920 922 923 924 925 931 932 933 934 935 937 938 939 940 941 942 944
 945 946 950 952 954 955 956 957 960 961 962 963 964 965 966]
test_index = [  1   4   5   9  11  14  18  27  29  30  31  33  36  38  39  40  42  45
  52  54  58  62  67  68  70  76  80  82  83  88  89  91  92  93  95  97
  98  99 102 103 105 112 114 115 116 118 122 124 127 128 132 139 146 147
 150 153 157 158 162 164 165 168 171 172 173 179 184 192 197 203 204 213
 214 217 220 221 225 226 227 232 236 237 239 246 247 249 259 260 261 272
 273 280 283 284 285 289 292 293 295 299 305 308 310 312 315 323 328 333
 334 335 337 340 341 343 344 346 349 350 351 352 353 358 359 360 361 362
 363 365 371 373 376 377 378 379 383 392 394 395 396 397 399 400 402 403
 406 410 411 415 417 421 423 425 427 438 441 442 443 445 446 447 448 449
 452 453 459 460 473 474 481 483 484 486 487 488 494 495 498 501 506 509
 511 512 518 519 522 523 524 528 530 535 539 540 543 544 549 554 556 558
 559 565 574 581 582 585 589 590 594 598 601 602 603 605 607 608 610 613
 614 618 629 632 634 638 639 651 658 664 667 672 674 675 676 677 679 680
 684 686 691 698 699 700 701 702 708 711 718 721 727 731 733 736 739 740
 741 745 748 755 761 762 763 764 765 766 768 769 776 781 783 786 787 790
 801 802 803 805 807 810 811 812 819 821 822 823 825 831 832 833 836 838
 839 841 843 848 849 854 860 863 866 872 879 885 893 894 902 906 912 915
 917 921 926 927 928 929 930 936 943 947 948 949 951 953 958 959 967]
